================================================================================
BAYESIAN OPTIMIZATION RESULTS — Q-LEARNING HYPERPARAMETERS
================================================================================

Date:              2026-09-02
Total trials:      41
Best trial:        #23
Best mean perf:    0.872504

BEST HYPERPARAMETERS
--------------------------------------------------------------------------------
  learning_rate             = 0.28025264638178427
  discount_factor           = 0.8898420747240623
  epsilon_initial           = 0.5353705994251405
  epsilon_min               = 0.10414110271946805
  num_episodes              = 550000
  confidence_exploration_strength = 0.08060770535442632
  confidence_exploration_exponent = 1.533278957134728

BEST TRIAL STATISTICS
--------------------------------------------------------------------------------
  Mean performance:   0.872504
  Std  performance:   0.058639
  Min  performance:   0.776788
  Max  performance:   0.992029

ALL TRIALS
--------------------------------------------------------------------------------
   #   mean_perf          lr     gamma    eps0  eps_min  episodes  conf str  conf exp
--------------------------------------------------------------------------------
  23    0.872504     0.28025    0.8898   0.535   0.1041    550000    0.0806    1.5333
   4    0.867111     0.10895    0.9917   0.866   0.0938    450000    0.0936    0.6452
  24    0.866217     0.24320    0.8796   0.820   0.0986    550000    0.1502    2.0663
   8    0.865735     0.17139    0.8569   0.804   0.0339    400000    0.5693    2.9141
   9    0.862445     0.26855    0.8954   0.549   0.1058    550000    0.0732    1.7379
   2    0.859381     0.30283    0.9396   0.854   0.0129   1200000    0.4995    1.0308
   1    0.856037     0.10895    0.9917   0.866   0.0938    600000    0.0936    0.6452
  19    0.853275     0.21600    0.9079   0.809   0.0298    450000    0.0028    1.4736
  14    0.851956     0.11794    0.9099   0.787   0.0475    450000    0.4074    2.3706
  26    0.848466     0.25546    0.8735   0.521   0.0895    550000    0.0624    1.5402
   7    0.841400     0.06683    0.8935   0.683   0.0738    750000    0.1198    1.7856
  39  -108.364086     0.28294    0.9831   0.690   0.0814    600000    0.0364    2.9962
   6  -113.507029     0.07298    0.8773   0.652   0.0835    550000    0.1747    2.0296
  38  -115.429649     0.19399    0.8783   0.504   0.0235    450000    0.2596    0.6652
  33  -116.147599     0.16697    0.8540   0.804   0.0992    450000    0.3194    2.9348
  25  -122.944557     0.36887    0.8879   0.585   0.0975    600000    0.1693    2.0724
  30  -125.346170     0.22173    0.9224   0.661   0.1139    550000    0.1291    1.6705
  29  -125.560218     0.29719    0.8671   0.738   0.0703    500000    0.2047    1.5245
  22  -126.940399     0.39314    0.9185   0.578   0.1257    400000    0.4517    0.7953
  34  -128.711277     0.18253    0.8514   0.756   0.0756    450000    0.1474    2.1993
  40  -130.201520     0.23879    0.8944   0.627   0.1061    800000    0.3610    2.1920
  21  -134.993911     0.13656    0.9743   0.723   0.0828    650000    0.2704    2.5350
  27  -135.271741     0.24190    0.9069   0.828   0.1089    600000    0.1275    2.0939
  37  -136.342244     0.15851    0.8683   0.869   0.0114    400000    0.2134    2.6093
  32  -136.386465     0.09183    0.9491   0.847   0.0873    600000    0.0964    2.6349
  10  -136.498027     0.05371    0.9855   0.629   0.1028    500000    0.3120    1.8668
  36  -137.126541     0.12564    0.8857   0.835   0.0922    550000    0.5231    1.0935
  35  -137.278284     0.30860    0.8638   0.817   0.0653    500000    0.0967    1.9219
  17  -137.871546     0.09527    0.9310   0.710   0.1202    500000    0.5994    1.2532
  16  -137.903136     0.17029    0.9534   0.782   0.0316    400000    0.2441    2.3877
  13  -138.061036     0.18842    0.8627   0.763   0.0493    400000    0.5717    2.8347
  31  -139.179840     0.11249    0.8992   0.886   0.0946    700000    0.0391    0.7983
  41  -139.512180     0.08357    0.9441   0.857   0.1498    500000    0.1684    1.6243
  20  -140.288374     0.09520    0.8745   0.969   0.1151    500000    0.1768    0.9274
  15  -140.885840     0.20974    0.8551   0.943   0.0587    450000    0.0125    1.3570
   5  -142.115645     0.30283    0.9396   0.854   0.0129    800000    0.4995    1.0308
  12  -143.923685     0.13978    0.9637   0.985   0.1405    400000    0.2282    0.5379
  11  -143.960483     0.07344    0.9945   0.888   0.1415    800000    0.3587    2.8047
  28  -144.732390     0.34191    0.8833   0.918   0.1313    650000    0.0571    1.1728
  18  -145.351288     0.14820    0.9677   0.910   0.0696    650000    0.4203    2.3358
