================================================================================
BAYESIAN OPTIMIZATION RESULTS — Q-LEARNING HYPERPARAMETERS
================================================================================

Date:              2026-09-02
Total trials:      49
Best trial:        #14
Best mean perf:    0.783978

BEST HYPERPARAMETERS
--------------------------------------------------------------------------------
  learning_rate             = 0.3568727223062051
  discount_factor           = 0.9552139141414038
  epsilon_initial           = 0.5037736596581466
  epsilon_min               = 0.10787241726652178
  num_episodes              = 600000
  penalty_mode              = linear
  risk_factor               = 0.08430508661504343

BEST TRIAL STATISTICS
--------------------------------------------------------------------------------
  Mean performance:   0.783978
  Std  performance:   0.081170
  Min  performance:   0.614772
  Max  performance:   0.903431

ALL TRIALS
--------------------------------------------------------------------------------
   #   mean_perf          lr     gamma    eps0  eps_min  episodes          penalty_mode  risk_factor
--------------------------------------------------------------------------------
  14    0.783978     0.35687    0.9552   0.504   0.1079    600000                linear     0.084305
  43    0.497166     0.16116    0.9027   0.503   0.0642    600000                linear     0.655148
  42    0.404047     0.15990    0.9080   0.504   0.0935    550000                linear     0.728434
   1    0.000000     0.10895    0.9917   0.866   0.0938    450000    boltzmann_option_b     1.803345
   4    0.000000     0.14567    0.9383   0.523   0.0951    450000    boltzmann_option_b     2.425192
   8    0.000000     0.10895    0.9917   0.866   0.0938    450000    boltzmann_option_b     1.803345
   9    0.000000     0.21798    0.8531   0.985   0.1265    450000    boltzmann_option_b     1.574269
  24    0.000000     0.15813    0.9378   0.507   0.1016    550000    boltzmann_option_b     2.283642
  26    0.000000     0.09350    0.9810   0.550   0.1021    550000    boltzmann_option_b     1.233823
  33  -106.511747     0.21450    0.9422   0.777   0.1367    400000    boltzmann_option_b     1.555961
   3  -110.457150     0.12276    0.8934   0.806   0.0295    500000    boltzmann_option_b     0.599021
  28  -113.085157     0.17647    0.9068   0.521   0.0863    400000                linear     0.418174
  48  -114.319347     0.34360    0.8975   0.500   0.0971    700000                linear     0.847493
  45  -114.332697     0.16287    0.8851   0.539   0.0428    650000                linear     0.666281
  31  -114.437900     0.24938    0.9344   0.550   0.1084    500000    boltzmann_option_a     1.227585
  11  -117.413259     0.14567    0.9383   0.523   0.0951    450000    boltzmann_option_b     2.425192
  44  -118.645228     0.13947    0.9023   0.503   0.0659    600000                linear     0.627633
  29  -119.251220     0.10786    0.9582   0.637   0.1341    600000    boltzmann_option_b     1.953601
  25  -120.367280     0.07127    0.9493   0.562   0.0811    400000    boltzmann_option_b     2.638502
  46  -120.728755     0.20232    0.9116   0.575   0.0894    550000                linear     0.546245
  18  -120.885039     0.07138    0.9983   0.599   0.1115    750000                linear     0.297645
  27  -121.346110     0.12820    0.9304   0.613   0.0713    500000    boltzmann_option_b     2.206283
  47  -121.525432     0.24088    0.8858   0.535   0.0504    600000                linear     0.734221
  21  -122.636923     0.27714    0.9201   0.584   0.0122    800000                linear     0.417015
  36  -124.324671     0.13300    0.9723   0.813   0.0991    450000    boltzmann_option_b     2.149626
  16  -124.918064     0.36656    0.9663   0.661   0.1175    600000                linear     0.245546
  15  -125.012735     0.37201    0.9668   0.660   0.1480    650000                linear     0.051854
   6  -128.875107     0.19828    0.8964   0.760   0.0865    450000                linear     0.894827
  22  -129.834593     0.05079    0.9514   0.739   0.1093    400000                linear     0.135204
  49  -131.301779     0.15254    0.8658   0.618   0.0626    550000                linear     0.492439
  20  -131.684007     0.17342    0.9757   0.726   0.0696    550000    boltzmann_option_a     1.164812
  41  -133.474599     0.18590    0.9607   0.703   0.1049    500000    boltzmann_option_b     1.434668
  37  -134.664519     0.14948    0.9968   0.845   0.0785    450000    boltzmann_option_b     1.342963
  40  -134.696299     0.11497    0.9252   0.781   0.0753    450000    boltzmann_option_b     2.490128
  30  -135.068815     0.06044    0.9768   0.706   0.0521    650000    boltzmann_option_b     2.703448
  39  -135.166994     0.10189    0.9853   0.887   0.0843    400000    boltzmann_option_b     0.959333
  12  -135.914593     0.05460    0.9890   0.652   0.0586    750000    boltzmann_option_a     0.046784
  10  -137.057058     0.12276    0.8934   0.806   0.0295    500000    boltzmann_option_b     0.599021
  17  -137.193715     0.08049    0.9660   0.900   0.0587    600000    boltzmann_option_a     2.988050
  35  -138.255156     0.10172    0.9862   0.842   0.0920    500000    boltzmann_option_b     1.800476
   5  -139.317307     0.09420    0.8646   0.842   0.0716    450000    boltzmann_option_b     0.776340
  19  -139.841517     0.30482    0.9487   0.919   0.1476    650000                linear     0.257238
  34  -140.155835     0.11513    0.9932   0.871   0.0931    450000    boltzmann_option_b     1.845097
  32  -141.811496     0.09103    0.9562   0.984   0.1199    550000                linear     0.766721
  38  -142.456898     0.08322    0.8815   0.950   0.1183    500000    boltzmann_option_b     1.770777
  23  -142.653702     0.27751    0.9151   0.934   0.1292    700000    boltzmann_option_a     1.961129
   2  -143.463687     0.21798    0.8531   0.985   0.1265    450000    boltzmann_option_b     1.574269
